1812505621,2064805.0
62523061,2071369.0
154125871,2071551.0
1454269321,2071979.0
367576901,2072590.0
1313074319,2073203.0
565896011,2073595.0
1869530381,2074112.0
1781952281,2074546.0
417269899,2074949.0
497684459,2075257.0
1922213123,2075570.0
279228583,2075748.0
1361068453,2075939.0
1764317677,2076210.0
186966419,2076499.0
459976817,2076709.0
666892003,2077018.0
1677813437,2077425.0
355794937,2077642.0
991703893,2077945.0
2044464299,2078151.0
1967296103,2078348.0
1465949477,2078588.0
1102360657,2078748.0
236340673,2078924.0
676419697,2079277.0
1707127141,2079505.0
2053016153,2079686.0
765530291,2079850.0
945233593,2080014.0
1141644841,2080196.0
394129247,2080351.0
663488269,2080558.0
492050483,2080876.0
1119327707,2081038.0
940184029,2081268.0
1738659959,2081479.0
1703456927,2081735.0
2140181839,2082073.0
125289821,2082211.0
392303759,2082418.0
1185524531,2082677.0
1203344033,2082917.0
1909907977,2083159.0
164270287,2083324.0
1257090061,2083549.0
635530009,2083720.0
395080943,2083841.0
1746583673,2084041.0
631304029,2084197.0
1979070007,2084369.0
862351507,2084500.0
36716171,2084594.0
2101513573,2084762.0
1359998933,2084917.0
2085777077,2085130.0
323102041,2085331.0
1406039617,2085514.0
92851571,2085660.0
992463541,2085924.0
341701739,2086164.0
1025658983,2086446.0
1426835441,2086859.0
1201843751,2087103.0
498691561,2087282.0
944017201,2087442.0
654966523,2087586.0
709045889,2087773.0
1335311911,2087931.0
1564617503,2088172.0
809444177,2088375.0
1442084921,2088641.0
2038662727,2088967.0
862277917,2089201.0
1329043421,2089406.0
1096776173,2089627.0
461387141,2089777.0
112094621,2089914.0
69395063,2090131.0
913656979,2090371.0
250022537,2090524.0
1040391881,2090695.0
1336559881,2090966.0
2104470691,2091777.0
1517609887,2092185.0
717824417,2092380.0
409044821,2092719.0
1296753779,2093499.0
1682811047,2109565.0
1398147227,2109895.0
480457699,2110068.0
2136688769,2110322.0
760796683,2110606.0
414847637,2110899.0
870529787,2111248.0
1077431041,2111530.0
1607276513,2111819.0
1363722749,2112035.0
2089819001,2112206.0
30079463,2112312.0
538014023,2112440.0
1575447733,2112600.0
1354365319,2112740.0
836898169,2113077.0
325100257,2113390.0
941567953,2113595.0
1959737053,2113836.0
1517283553,2114080.0
2041484663,2114305.0
1628427583,2114522.0
1377873767,2114729.0
835145609,2115285.0
1631591407,2116351.0
1405469869,2116787.0
1550918081,2117451.0
1260919493,2117942.0
1965661813,2118191.0
1397928817,2118364.0
1419736261,2118585.0
1654976311,2118893.0
1272613033,2119163.0
582169993,2119496.0
1479316739,2119930.0
252077767,2120143.0
157192873,2120349.0
1555096687,2120563.0
1155241859,2120880.0
505557527,2121100.0
236699081,2121229.0
25761157,2121510.0
683675093,2121653.0
772689859,2121840.0
130222049,2122123.0
1288203457,2122315.0
1970221499,2122483.0
1857215027,2122633.0
940859473,2122831.0
2129313601,2122954.0
1268686301,2123095.0
1648523509,2123204.0
118001353,2123274.0
1990382137,2123402.0
2072145701,2123629.0
352360409,2123790.0
1063778941,2123964.0
1240271821,2124118.0
1999278587,2124338.0
2026288151,2124506.0
2135756299,2124716.0
746072741,2124853.0
1343930479,2125005.0
1659575681,2125145.0
1307567659,2125307.0
1515390827,2125464.0
1830170389,2125603.0
74822477,2125705.0
633064429,2125854.0
170442953,2125962.0
1493613001,2126105.0
1778916701,2126289.0
835531111,2126419.0
457742111,2126559.0
878240977,2126667.0
1505097889,2126781.0
770074537,2126884.0
279038803,2126955.0
1647056869,2127089.0
839752889,2127207.0
959857313,2127306.0
17470111,2127373.0
1291225357,2127486.0
1179665183,2127651.0
1848841199,2127811.0
1465069997,2127988.0
1981843657,2128146.0
858441169,2128271.0
1133887973,2128401.0
663595711,2128501.0
382340831,2128620.0
1231001843,2128790.0
1710392617,2129048.0
1857969353,2129258.0
1895988859,2129492.0
1330068977,2129653.0
8649491,2129776.0
1910111807,2130001.0
1130255311,2130200.0
2014966817,2130386.0
616918067,2130578.0
913791079,2130806.0
320953439,2130915.0
59963957,2131085.0
210986927,2131182.0
802930741,2131355.0
1579940113,2131498.0
1377668063,2131628.0
1400630921,2131739.0
587980271,2131824.0
1948303129,2131941.0
1552996829,2132080.0
1578053501,2132185.0
246551471,2132275.0
1487766421,2132375.0
1148056159,2132468.0
596815717,2132553.0
1277004679,2132662.0
1419676157,2132763.0
477519649,2132847.0
958124021,2133073.0
1921944971,2133208.0
2007157423,2133366.0
1739942599,2133484.0
1369680371,2133598.0
209437387,2133693.0
1877127907,2133847.0
1818207637,2133967.0
1434752399,2134091.0
412762699,2134186.0
365631619,2134296.0
771936169,2134411.0
1715349703,2134544.0
511185509,2134647.0
1016405693,2134845.0
537605099,2134972.0
1728126821,2135103.0
692019899,2135193.0
1020824159,2135286.0
1787009347,2135419.0
1663375187,2135523.0
1036272617,2136348.0
1050948293,2136545.0
1237125193,2136699.0
467945017,2136806.0
1389621671,2136983.0
1916513953,2137168.0
1104317723,2137304.0
39373969,2137424.0
1146519601,2137558.0
1691177687,2137723.0
1880365651,2137871.0
1747675091,2138105.0
214617943,2138182.0
861517219,2138340.0
23991259,2138423.0
1232604773,2138566.0
1278000949,2138699.0
756022081,2138873.0
1030821149,2139042.0
1130843963,2139231.0
897603661,2139398.0
1645885499,2139538.0
1401943451,2139696.0
584380919,2139835.0
1418934809,2139987.0
1067472547,2140099.0
207667613,2140173.0
1816654709,2140351.0
1210228021,2140464.0
1648871321,2140621.0
1665765889,2140779.0
1781458417,2140898.0
693316499,2141012.0
2063483393,2141133.0
1108284257,2141253.0
575597797,2141411.0
1522799489,2141540.0
690706351,2141679.0
255937249,2141782.0
1697097791,2141907.0
1332091903,2142057.0
1292993249,2142242.0
260651299,2142337.0
104048327,2142410.0
216233027,2142543.0
173774431,2142665.0
259603573,2142756.0
1039966523,2142885.0
863450747,2143080.0
1773307969,2143189.0
767670419,2143276.0
2040530321,2143394.0
1576855283,2143495.0
1428229931,2143603.0
973684037,2143712.0
26762833,2143792.0
721823777,2143907.0
223196443,2144008.0
68632957,2144112.0
907342907,2144246.0
1525208369,2144414.0
974772521,2144538.0
1409350141,2144688.0
445334639,2144806.0
1457315479,2145006.0
1493630381,2145135.0
50565901,2145218.0
948538141,2145310.0
809841167,2145398.0
2058341473,2145510.0
1087967501,2145631.0
676211,2145674.0
1972235803,2145781.0
922371319,2145875.0
1438943543,2145973.0
1304242001,2146069.0
1243829897,2146164.0
1238866513,2146356.0
628355879,2146475.0
498278237,2146580.0
12669493,2146659.0
463698049,2146782.0
1555218703,2146917.0
1298776399,2147028.0
1570922369,2147164.0
1009624159,2147258.0
160461599,2147323.0
2068930531,2147436.0
898307141,2147529.0
2000047307,2147640.0
1438600117,2147739.0
923981021,2147826.0
807132517,2147930.0
418712513,2148048.0
42863129,2148140.0
2013497777,2148312.0
1643460563,2148488.0
940034717,2148584.0
732570989,2148692.0
474122111,2148845.0
1691758097,2148998.0
110761943,2149077.0
1202851043,2149211.0
941619929,2149335.0
1808608147,2149464.0
1000045379,2149592.0
526273679,2149706.0
1849693999,2149853.0
1715760569,2149978.0
463152869,2150070.0
315993709,2150144.0
1728501829,2150259.0
1653074669,2150368.0
1526300849,2150469.0
116525051,2150534.0
1455928189,2150717.0
2043529193,2150875.0
1362891713,2150975.0
426326819,2151052.0
83266273,2151114.0
869713129,2151268.0
1512196577,2151386.0
413040851,2151490.0
1455201509,2151640.0
1616859133,2151756.0
1406201959,2151861.0
876951221,2151959.0
1264583923,2152055.0
1514775359,2152156.0
328433179,2152225.0
1384139191,2152347.0
674012699,2152600.0
2037220697,2152764.0
1813225181,2152908.0
868579123,2153081.0
89944781,2153184.0
1943112911,2153500.0
1627624619,2153686.0
596649847,2153808.0
526439171,2153923.0
1393970623,2154050.0
9043121,2154123.0
155758991,2154252.0
289414043,2154345.0
1831306019,2154481.0
865644259,2154611.0
1908856123,2154797.0
550660823,2154942.0
717072443,2155183.0
921376073,2155323.0
1286323417,2155529.0
318181973,2155712.0
696940813,2155856.0
671813357,2156059.0
1284203623,2156240.0
1094974861,2156387.0
638987773,2156505.0
636357103,2156722.0
249364447,2156898.0
1729454369,2157080.0
1681729667,2157232.0
503099881,2157357.0
1776959603,2157535.0
628932823,2157643.0
1601806937,2157840.0
1643219951,2157999.0
1678170947,2158152.0
644497351,2158248.0
87350047,2158353.0
1036457701,2158478.0
1859745049,2158645.0
1951578659,2158786.0
452055977,2158897.0
465769511,2158989.0
1442742461,2159153.0
801198991,2159249.0
1514001961,2159393.0
595254073,2159509.0
110629823,2159589.0
1428608327,2159713.0
1733360533,2159830.0
1541674327,2159933.0
537797279,2160011.0
1578703783,2160112.0
657154933,2160200.0
1052666821,2160312.0
114167737,2160372.0
2051101147,2160510.0
1482836881,2160619.0
1111102679,2160743.0
127857887,2160844.0
1787807849,2161000.0
773157521,2161089.0
2092622659,2161208.0
144449873,2161288.0
939294607,2161412.0
2123101727,2161546.0
1898769947,2161661.0
166346911,2161760.0
1228466891,2161928.0
1480622137,2162037.0
881636641,2162158.0
1694252281,2162280.0
851155177,2162382.0
589274603,2162481.0
1845577039,2162721.0
1065779023,2162817.0
1799994961,2162946.0
940603241,2163050.0
695587661,2163163.0
1095621193,2163273.0
782960249,2163407.0
1065383519,2163526.0
700973437,2163647.0
1972945333,2163791.0
378691,2163860.0
1112801071,2164076.0
463569251,2164171.0
247097597,2164250.0
1269110501,2164373.0
914917643,2164484.0
409614229,2164620.0
750387037,2164728.0
1774661419,2164840.0
365450447,2164920.0
1204794077,2165015.0
94695983,2165073.0
466008239,2165178.0
89799067,2165281.0
702106921,2165365.0
1417727603,2165482.0
639000763,2165564.0
1881409259,2165672.0
196303951,2165736.0
2036356859,2165867.0
1521155651,2165973.0
1692050597,2166082.0
493784359,2166199.0
530688161,2166353.0
1184263039,2166450.0
240222211,2166519.0
1028811713,2166618.0
971817421,2166732.0
1776106051,2166849.0
2128127363,2166966.0
1355519873,2167071.0
1186106627,2167254.0
633188557,2167356.0
1712064413,2167533.0
914394409,2167660.0
1725081019,2167782.0
1805113801,2167905.0
309452383,2168034.0
1470280969,2168166.0
1237935331,2168295.0
1184818091,2168503.0
1213115693,2168627.0
2114319661,2168798.0
873387881,2168981.0
1312197421,2169168.0
406993799,2169319.0
17025067,2169686.0
1503489899,2169973.0
1720950793,2170340.0
1111208713,2170523.0
690256601,2170691.0
1808945819,2170875.0
575298637,2171002.0
52974563,2171108.0
10244513,2171209.0
542264941,2171484.0
248984947,2171621.0
1237623523,2171786.0
1322553251,2171954.0
1890734519,2172128.0
1331081797,2172262.0
199225937,2172355.0
1223524639,2172524.0
828564557,2172701.0
107627329,2173462.0
457105823,2173651.0
931986049,2173801.0
706981831,2173973.0
460621957,2174088.0
21320197,2174165.0
870067603,2174389.0
1459120843,2174624.0
1869509981,2174862.0
2134193911,2175028.0
1155535193,2175167.0
1695638311,2175379.0
2118674407,2175516.0
381407567,2175647.0
879012553,2175794.0
131419549,2175926.0
1105329937,2176068.0
996161501,2176241.0
1640132311,2176378.0
1932570533,2176522.0
511248169,2176675.0
1436230633,2176812.0
970644443,2176954.0
1310323447,2177097.0
909247919,2177245.0
737699899,2177339.0
1851582347,2177457.0
1815664601,2177574.0
1390188091,2177670.0
468339931,2177762.0
1808052439,2177881.0
926784431,2177976.0
1988613661,2178094.0
7348157,2178140.0
1519017103,2178259.0
1669487507,2178369.0
852891661,2178469.0
779960677,2178594.0
2109251279,2178753.0
1065652849,2178873.0
169379803,2178945.0
1791981047,2179067.0
430544407,2179167.0
1609693223,2179296.0
499315937,2179385.0
782426917,2179491.0
1509242963,2179599.0
2061072499,2179817.0
1746837577,2179975.0
288098821,2180068.0
1306903063,2180216.0
822640069,2180313.0
925940713,2180407.0
1770051461,2180516.0
1741723897,2180620.0
1697406499,2180720.0
558417073,2180808.0
624388403,2180903.0
389544713,2180987.0
396857977,2181072.0
455281447,2181158.0
2001274757,2181269.0
1054888487,2181362.0
501284071,2181441.0
2137709543,2181551.0
1813742443,2181660.0
1508199509,2181767.0
1492427843,2181878.0
1838365649,2182003.0
1193286961,2182103.0
21503617,2182158.0
1529670209,2182376.0
1134013093,2182486.0
1139469503,2182618.0
243560549,2182694.0
1903654751,2182800.0
88793651,2182984.0
435921929,2183056.0
1328889713,2183151.0
1170318379,2183242.0
921603647,2183327.0
558719989,2183401.0
667585417,2183485.0
1120859809,2183590.0
1117633417,2183712.0
1053066221,2183857.0
506567329,2183959.0
333644039,2184053.0
1925994569,2184175.0
1972116691,2184282.0
959481889,2184395.0
25888913,2184443.0
758838467,2184530.0
1549641209,2184651.0
1478231771,2184758.0
159716639,2184865.0
1518077417,2184994.0
376040597,2185075.0
2096415913,2185190.0
946814233,2185278.0
1334389439,2185375.0
2292221,2185443.0
1306485407,2185558.0
1056369761,2185684.0
1431165079,2185830.0
1117980671,2185951.0
1848801419,2186133.0
214792421,2186224.0
756598279,2186361.0
1487581031,2186487.0
1248962063,2186651.0
1217355481,2186784.0
669208691,2186922.0
1451893799,2187103.0
1683836591,2187231.0
544518361,2187321.0
1205162753,2187430.0
1201368083,2187531.0
115178017,2187588.0
1860236867,2187706.0
1182935447,2187830.0
269357591,2187912.0
1562671081,2188104.0
1180698907,2188207.0
125184307,2188265.0
1031855327,2188383.0
163737389,2188449.0
1183257791,2188565.0
1249832279,2188749.0
745033021,2188892.0
618038573,2189044.0
294530221,2189170.0
1714428319,2189306.0
2110924331,2189465.0
1689042367,2189639.0
771819107,2189922.0
1056516557,2190064.0
963589909,2190183.0
1593984211,2190339.0
626743739,2190432.0
913442197,2190559.0
1053628861,2190745.0
807417659,2190839.0
579986611,2190926.0
220784771,2191034.0
1655314963,2191144.0
1390983101,2191244.0
2122478537,2191368.0
567628981,2191540.0
1589673329,2191641.0
855997189,2191726.0
1681496779,2191862.0
1280806073,2191966.0
208843451,2192028.0
989678777,2192155.0
1446691691,2192253.0
2038316311,2192361.0
1450835413,2192458.0
1605585013,2192580.0
64165001,2192633.0
921221167,2192775.0
1369206361,2192886.0
863348567,2192971.0
1328594669,2193066.0
772556819,2193153.0
1678515697,2193253.0
1227879941,2193347.0
1857475553,2193483.0
590145869,2193562.0
78990157,2193627.0
1916067661,2193749.0
354708581,2193837.0
1493403739,2193937.0
1328998133,2194041.0
994645961,2194155.0
1796777051,2194315.0
1651969537,2194421.0
22584557,2194470.0
172057201,2194536.0
561082693,2194610.0
1223039003,2194701.0
412332379,2194836.0
1194601081,2194940.0
1465827679,2195094.0
1322693081,2195193.0
553500659,2195283.0
46077103,2195334.0
818045783,2195428.0
1620107207,2195534.0
22833149,2195588.0
2049692551,2195695.0
567964699,2195790.0
1943100967,2195924.0
1174789793,2196072.0
1604987749,2196208.0
1485757337,2196318.0
1536196843,2196429.0
536665771,2196555.0
1558100189,2196694.0
721470353,2196806.0
1761983731,2196977.0
564659033,2197055.0
550181773,2197135.0
1459531547,2197259.0
2131135231,2197376.0
166416781,2197434.0
419605037,2197512.0
1723523471,2197638.0
52879969,2197715.0
505862459,2197792.0
907645769,2197877.0
206819099,2197939.0
206037281,2198005.0
454745299,2198075.0
243135481,2198137.0
1005811087,2198237.0
1998760297,2198400.0
22667317,2198476.0
124516267,2198533.0
1696953169,2198647.0
157686439,2198781.0
1759637533,2198898.0
797758219,2198991.0
1177464569,2199085.0
1512943919,2199188.0
816998951,2199357.0
123290147,2199442.0
774434533,2199538.0
386882737,2199620.0
2084410663,2199739.0
896135971,2199844.0
1821319187,2200011.0
1020795973,2200112.0
1512320309,2200222.0
2079806411,2200340.0
1406749163,2200441.0
85129067,2200496.0
1627450763,2200602.0
670424269,2200685.0
8775419,2200742.0
626057119,2200819.0
823808369,2200902.0
1513510529,2201001.0
145697753,2201066.0
1795834177,2201257.0
1323218107,2201394.0
471736907,2201475.0
1332018377,2201604.0
1348390531,2201701.0
1298362361,2201880.0
2044523527,2202139.0
291313591,2202212.0
1981332433,2202327.0
1210927259,2202425.0
956477083,2202567.0
1166840231,2202748.0
422628391,2202844.0
575865751,2202934.0
1468336267,2203085.0
640104083,2203209.0
1566183119,2203339.0
1796371873,2203462.0
864274561,2203570.0
552045707,2203684.0
156010279,2203817.0
1570487833,2203930.0
822776533,2204071.0
356477833,2204239.0
63873779,2204352.0
1815261631,2204463.0
125725021,2204526.0
2019421471,2204645.0
609700471,2204786.0
1351786021,2204893.0
693583991,2204995.0
1088386421,2205091.0
1783607557,2205208.0
553553219,2205333.0
1810757147,2205480.0
548991043,2205579.0
989432231,2205735.0
146763179,2205872.0
81142357,2205955.0
1829668097,2206079.0
1755649361,2206191.0
1162977043,2206304.0
2071731971,2206419.0
1442775379,2206524.0
1409024429,2206639.0
902127133,2206737.0
542223497,2206833.0
1669636721,2206950.0
1585236973,2207084.0
2058907157,2207263.0
809098559,2207362.0
1213128821,2207471.0
624533941,2207566.0
978603401,2207653.0
665242093,2207750.0
1265198873,2207854.0
1458958619,2207953.0
218989889,2208020.0
1818119843,2208127.0
1592114327,2208225.0
1231247981,2208316.0
616068191,2208407.0
74050517,2208476.0
699662053,2208562.0
152802019,2208659.0
1426235731,2208871.0
1511159789,2208987.0
769751933,2209078.0
1829533721,2209187.0
268217557,2209261.0
2147362397,2209394.0
497906509,2209497.0
1499053753,2209597.0
331251913,2209663.0
1024341589,2209789.0
1189591127,2209879.0
1561347313,2209976.0
46216349,2210024.0
1859023847,2210150.0
420257393,2210223.0
297847709,2210314.0
1388100017,2210416.0
1914100231,2210532.0
1690746131,2210648.0
821490499,2210730.0
39345151,2210797.0
577446589,2210882.0
1345685857,2210978.0
1600068637,2211179.0
2025001991,2211319.0
566563513,2211404.0
1235039557,2211504.0
962594177,2211597.0
1597199647,2211707.0
39938033,2211812.0
1227931531,2211918.0
2141870971,2212071.0
465030119,2212158.0
324966197,2212226.0
544840601,2212303.0
295433647,2212381.0
1857908551,2212499.0
250623557,2212564.0
1566661039,2212679.0
110432473,2212734.0
2027327933,2212856.0
1668188989,2212958.0
1154394757,2213168.0
111095209,2213226.0
1981473511,2213391.0
846048083,2213482.0
1727653519,2213590.0
139493593,2213719.0
993254137,2213880.0
362860051,2213985.0
662058889,2214086.0
1595950399,2214194.0
2112108899,2214309.0
643186829,2214438.0
1232787797,2214600.0
1515930113,2214725.0
1007224633,2214824.0
808637233,2214913.0
1241023757,2215019.0
927778843,2215107.0
730611449,2215188.0
559979633,2215267.0
2047223771,2215372.0
1296954479,2215469.0
347247871,2215562.0
168887759,2215640.0
1254082013,2215744.0
414355231,2215816.0
1777382197,2215945.0
2067243203,2216058.0
1524960599,2216162.0
860632811,2216293.0
144414103,2216356.0
1921003727,2216559.0
747646807,2216648.0
1538469809,2216746.0
1319260867,2216850.0
158504911,2216929.0
1312803647,2217089.0
396071783,2217226.0
1153979033,2217316.0
487303639,2217390.0
1380368911,2217508.0
109728701,2217569.0
649437671,2217670.0
1697648083,2217796.0
1149297727,2217910.0
501071567,2218044.0
1369228687,2218193.0
1020504601,2218291.0
1462691327,2218405.0
1827974947,2218517.0
1581791039,2218634.0
434282951,2218736.0
1294708711,2218860.0
1203349463,2218970.0
873568879,2219081.0
429914461,2219214.0
1278359791,2219347.0
144363977,2219430.0
174205429,2219515.0
2137641923,2219660.0
332798537,2219792.0
62514553,2219899.0
313600597,2219995.0
1388442281,2220139.0
2097457157,2220272.0
913188349,2220394.0
1636856159,2220523.0
1562610227,2220649.0
640964371,2220897.0
1583513611,2221052.0
469806283,2221152.0
1056757531,2221251.0
954773993,2221435.0
1937256389,2221560.0
865810301,2221657.0
775867991,2221751.0
1380765539,2222041.0
849948097,2222175.0
668652091,2222318.0
2068157057,2222495.0
1557571513,2222628.0
800884811,2222745.0
1807669811,2222860.0
37767097,2222978.0
614329813,2223108.0
999358229,2223238.0
1267642543,2223404.0
1958998291,2223514.0
639755927,2223623.0
1796215373,2223762.0
1001988833,2223928.0
1240779899,2224041.0
1616588473,2224151.0
593073737,2224231.0
46699073,2224288.0
456656119,2224395.0
1685731391,2224517.0
681157991,2224613.0
583037647,2224706.0
1415535643,2224806.0
1205591927,2224897.0
1705236317,2224998.0
713064503,2225081.0
1960800199,2225191.0
1467420797,2225310.0
1735382027,2225420.0
2014245749,2225553.0
703821143,2225633.0
481126031,2225711.0
1002776017,2225827.0
123833519,2225903.0
1029165349,2225997.0
1940782517,2226103.0
193618223,2226169.0
532846031,2226250.0
1733912027,2226407.0
606158009,2226515.0
1689764273,2226641.0
64771093,2226713.0
1687914341,2226892.0
1496028497,2227018.0
1156827253,2227219.0
2025209083,2227336.0
1776288757,2227444.0
1626560413,2227555.0
1802066587,2227677.0
670251811,2227766.0
1641097109,2227884.0
1361436673,2227999.0
1166701169,2228101.0
1966916383,2228258.0
1466461223,2228380.0
1575182387,2228489.0
1808306221,2228604.0
373055951,2228728.0
1994116829,2228849.0
3023653,2228913.0
757783267,2229013.0
52795163,2229073.0
430191733,2229145.0
286824583,2229211.0
1469481271,2229324.0
542040979,2229408.0
587497789,2229488.0
221575213,2229553.0
179966021,2229729.0
974889623,2229814.0
1426627151,2229908.0
52975369,2230066.0
1233600437,2230209.0
1134807763,2230301.0
1843094087,2230421.0
675137341,2230514.0
332411333,2230586.0
833092231,2230668.0
104993281,2230726.0
1293783367,2230819.0
2060099467,2230924.0
1773594367,2231031.0
958707991,2231117.0
1921123613,2231219.0
1484353601,2231316.0
1138474339,2231417.0
934632799,2231521.0
522287911,2231632.0
1934709947,2231747.0
380195369,2231817.0
409800577,2231886.0
5772617,2231934.0
490161127,2232045.0
1528515997,2232141.0
1169970973,2232231.0
1470536339,2232325.0
1969616783,2232430.0
284715569,2232493.0
830338081,2232583.0
1570849901,2232695.0
1518941759,2232834.0
1411769209,2232929.0
1189135963,2233019.0
241542617,2233117.0
1674331487,2233227.0
162597931,2233289.0
1284435539,2233401.0
1164500543,2233493.0
584368159,2233573.0
13070051,2233649.0
1832948059,2233840.0
1961524681,2233977.0
1661634971,2234101.0
1970198537,2234216.0
890390131,2234305.0
1005560167,2234417.0
14667437,2234483.0
1655008807,2234588.0
991706029,2234695.0
860978143,2234786.0
760323469,2234867.0
1014281539,2234956.0
308290777,2235021.0
1989084737,2235170.0
530123149,2235247.0
1001987237,2235338.0
1673913497,2235441.0
171303721,2235533.0
136529891,2235672.0
885242383,2235759.0
247167413,2235877.0
1233724171,2235992.0
989091707,2236141.0
1867220189,2236283.0
283554907,2236364.0
781549543,2236474.0
1976969651,2236612.0
1771980493,2236744.0
1396135129,2236854.0
1695176633,2236964.0
1261298393,2237064.0
1363150549,2237178.0
611561543,2237284.0
1642578479,2237399.0
531618817,2237487.0
795021613,2237596.0
1642731239,2237708.0
62153557,2237770.0
360962731,2237863.0
1899060011,2237980.0
108292577,2238051.0
689511223,2238143.0
6322777,2238194.0
910188281,2238286.0
2023186351,2238397.0
14543603,2238462.0
826114147,2238577.0
1177172999,2238844.0
326696437,2238979.0
1770001361,2239108.0
658160561,2239194.0
155315929,2239259.0
845334181,2239391.0
1757617229,2239509.0
757665967,2239616.0
590442071,2239704.0
1345058641,2239856.0
1957207949,2240009.0
1406083769,2240133.0
543346379,2240231.0
739237669,2240314.0
372358471,2240385.0
1329337643,2240480.0
845602451,2240602.0
471474433,2240701.0
859559431,2240819.0
1222915391,2240935.0
4412383,2240991.0
2013527353,2241124.0
1366972813,2241239.0
881719403,2241334.0
411063769,2241503.0
478609253,2241592.0
472647113,2241669.0
1932612481,2241783.0
1783107413,2241916.0
2121516571,2242073.0
1683813793,2242208.0
598015967,2242286.0
1813002557,2242440.0
683711923,2242535.0
1432834027,2242635.0
1773356183,2242736.0
1164299897,2242824.0
64194421,2242877.0
1084888631,2242977.0
219822299,2243059.0
1874797909,2243170.0
1806127051,2243272.0
1120294933,2243370.0
290397403,2243443.0
435729937,2243515.0
239412337,2243595.0
15738893,2243671.0
1341566741,2243775.0
530965361,2243867.0
126737311,2243925.0
1654684627,2244025.0
298199939,2244124.0
904987813,2244219.0
906260657,2244327.0
593871953,2244414.0
872739587,2244524.0
2078779529,2244681.0
21758593,2244754.0
1962586973,2244882.0
1854862817,2245006.0
1884129721,2245111.0
1048961077,2245202.0
1836649747,2245307.0
493956289,2245400.0
1386278599,2245499.0
1611941957,2245601.0
153218609,2245680.0
360210239,2245765.0
1070268923,2245852.0
1616170289,2245955.0
915824269,2246043.0
1901711099,2246152.0
1782070583,2246254.0
276718067,2246331.0
1084927133,2246444.0
1796482297,2246562.0
1439140973,2246677.0
1887524741,2246785.0
687891667,2246883.0
56702039,2246969.0
1739539183,2247094.0
1079809069,2247193.0
683207099,2247282.0
2056874453,2247416.0
163440733,2247474.0
1783385377,2247591.0
384087989,2247670.0
754234739,2247760.0
1964749051,2247866.0
25429819,2247912.0
1047582181,2248007.0
1694939833,2248106.0
1483848089,2248201.0
106364371,2248254.0
605485613,2248339.0
819588787,2248483.0
1274321053,2248590.0
1827459493,2248733.0
1310043751,2248841.0
245814263,2248918.0
1250921671,2249075.0
1574578223,2249243.0
1103352869,2249354.0
147940453,2249412.0
360007709,2249566.0
1998922061,2249675.0
1068777887,2249811.0
764410403,2249909.0
438628087,2250022.0
1490087903,2250126.0
868035683,2250208.0
224141677,2250285.0
831094387,2250376.0
2111592029,2250498.0
1819515949,2250631.0
43950919,2250689.0
1388747957,2250819.0
536863253,2250899.0
24696229,2250980.0
1121803079,2251069.0
2012755163,2251181.0
627887291,2251263.0
2123293247,2251374.0
64346371,2251424.0
1126560511,2251532.0
205020973,2251598.0
1220742643,2251690.0
696323317,2251774.0
1906490147,2251877.0
574051741,2251951.0
1714737091,2252051.0
798987647,2252156.0
964719817,2252241.0
1408022359,2252336.0
1625561521,2252435.0
251726777,2252525.0
2034398371,2252654.0
719099993,2252761.0
965729953,2252870.0
604416389,2252966.0
843579749,2253069.0
754105679,2253194.0
1840563227,2253309.0
1814113927,2253432.0
1942433621,2253538.0
1447554373,2253647.0
1768249031,2253784.0
1219423133,2253912.0
171012823,2253995.0
1578470557,2254116.0
128618569,2254215.0
998273027,2254318.0
869368837,2254402.0
1193834549,2254492.0
168028033,2254587.0
120173621,2254677.0
558229781,2254804.0
659024699,2254914.0
92284111,2255002.0
1246398929,2255127.0
413283109,2255259.0
1886907433,2255382.0
550430567,2255533.0
1400076329,2255658.0
337068871,2255842.0
96012779,2255901.0
211339963,2255987.0
458872031,2256063.0
874461851,2256147.0
920862563,2256271.0
590932763,2256445.0
381057371,2256542.0
1968817387,2256685.0
1271005049,2256814.0
1701166613,2256929.0
81109867,2256985.0
1590961061,2257095.0
440578357,2257174.0
1615474199,2257279.0
816286901,2257367.0
231282529,2257430.0
492496657,2257513.0
731303663,2257627.0
1893574043,2257742.0
1074595127,2257834.0
1147076731,2257923.0
1829936057,2258042.0
486872077,2258117.0
1736677289,2258316.0
487684969,2258414.0
1406839661,2258537.0
223994983,2258629.0
640375171,2258721.0
1231955929,2258864.0
1627604717,2259022.0
942417319,2259154.0
222303089,2259319.0
325811371,2259407.0
1106614211,2259511.0
2146241459,2259628.0
1481989777,2259734.0
1396334839,2259850.0
1420181669,2259953.0
2088703031,2260078.0
1596906277,2260176.0
944600989,2260286.0
447731201,2260361.0
1293638179,2260453.0
287443081,2260522.0
311482607,2260624.0
645597437,2260707.0
1487163889,2260804.0
115753367,2260872.0
585630917,2260975.0
701005901,2261066.0
237554699,2261135.0
347851571,2261208.0
115762681,2261274.0
763158283,2261354.0
1040312347,2261445.0
43738129,2261498.0
1694697269,2261611.0
1366447651,2261744.0
1196671337,2261839.0
1545664609,2261937.0
662505301,2262020.0
1981550887,2262135.0
1613255753,2262248.0
917127437,2262339.0
826722719,2262428.0
491386453,2262503.0
848145359,2262586.0
1109840101,2262683.0
1228635607,2262782.0
560115601,2262861.0
606864829,2262936.0
800196643,2263059.0
2139507949,2263192.0
1915481839,2263348.0
347838593,2263415.0
1990169189,2263521.0
897451481,2263638.0
426219883,2263763.0
1988641531,2263880.0
170138989,2263959.0
665243959,2264048.0
1158824743,2264159.0
842684629,2264250.0
1293587653,2264359.0
2146306843,2264509.0
1169140487,2264641.0
2139052171,2264748.0
424762759,2264832.0
669155777,2264947.0
525457627,2265040.0
300019631,2265108.0
984877007,2265192.0
362692853,2265261.0
531773167,2265377.0
1798293073,2265491.0
1474807339,2265591.0
1815206863,2265698.0
1884517823,2265839.0
113672063,2265954.0
27677807,2266050.0
428342749,2266120.0
1769883509,2266223.0
1058958031,2266331.0
1354018537,2266429.0
736995037,2266532.0
1283350423,2266640.0
1296703741,2266736.0
831066317,2266822.0
715995947,2266903.0
1614607349,2267011.0
1809185029,2267123.0
960095951,2267214.0
1120150907,2267321.0
1323355981,2267416.0
13425017,2267491.0
1404495997,2267628.0
1999088471,2267740.0
1139817661,2267864.0
557827937,2267939.0
1871294959,2268041.0
1512721121,2268141.0
1259956487,2268250.0
2108420491,2268388.0
1240345903,2268486.0
537556639,2268571.0
1031040917,2268688.0
1262941037,2268798.0
1648562353,2268932.0
591041851,2269142.0
10365539,2269220.0
622712413,2269328.0
1289346059,2269451.0
1694799937,2269568.0
2114900947,2269709.0
925203757,2269804.0
1102610203,2269916.0
203743381,2270010.0
661994521,2270136.0
923379179,2270244.0
1517778341,2270382.0
742762331,2270485.0
1454605073,2270605.0
1377661679,2270800.0
762791011,2270918.0
2015124887,2271042.0
846224479,2271127.0
912148427,2271211.0
1112572897,2271314.0
1584819217,2271421.0
203107327,2271481.0
66340387,2271542.0
265007461,2271642.0
198842003,2271712.0
139017283,2271771.0
719789221,2271857.0
714152773,2271939.0
1531634087,2272039.0
1657761181,2272138.0
1409671139,2272232.0
1762668707,2272339.0
1491500651,2272456.0
1688717227,2272564.0
889083673,2272652.0
1128518917,2272745.0
980665207,2272830.0
663633211,2272999.0
1773750911,2273116.0
379428319,2273205.0
1566201419,2273303.0
709432211,2273381.0
19249847,2273446.0
991313321,2273539.0
1480327603,2273642.0
1723191391,2273755.0
1095127949,2273867.0
188573257,2273927.0
1100933417,2274030.0
1463745497,2274138.0
1379458499,2274251.0
1370561567,2274363.0
352109689,2274431.0
1941641963,2274535.0
401365403,2274680.0
28958893,2274741.0
1081254287,2274869.0
1427660011,2275006.0
1854569533,2275120.0
1300789927,2275219.0
45405559,2275277.0
584278397,2275357.0
983673133,2275566.0
1701315337,2275779.0
2028226997,2275889.0
1869827699,2276047.0
2047831727,2276151.0
85779571,2276203.0
982280041,2276287.0
452785873,2276359.0
839437657,2276440.0
1421057273,2276549.0
1856444389,2276706.0
456655159,2276812.0
552522023,2276888.0
1190862581,2277044.0
1314553459,2277174.0
541803949,2277273.0
99568013,2277372.0
1005491083,2277478.0
586662211,2277573.0
195438317,2277707.0
1258155487,2277808.0
1649117809,2277923.0
1873006363,2278034.0
545622097,2278108.0
1280902783,2278202.0
304780033,2278273.0
431327903,2278345.0
1470744181,2278448.0
44225557,2278498.0
208852057,2278575.0
1991427499,2278726.0
1265415191,2278829.0
1517456783,2278945.0
1498946591,2279065.0
811180561,2279147.0
254212901,2279213.0
4351493,2279268.0
982216987,2279355.0
372266597,2279431.0
1334278307,2279537.0
1360687409,2279636.0
949455803,2279726.0
1240136903,2279858.0
644083873,2279946.0
1080058303,2280047.0
365263267,2280135.0
665227307,2280221.0
2053095211,2280341.0
1736106587,2280446.0
938845403,2280533.0
1374310303,2280664.0
1110005389,2280772.0
1194793471,2280874.0
1243906921,2281042.0
1718247067,2281144.0
676043141,2281222.0
521683411,2281296.0
54157247,2281345.0
1938111433,2281463.0
1615313201,2281572.0
1108401881,2281662.0
1821728369,2281764.0
1154169629,2281852.0
1573297541,2281948.0
26268097,2281994.0
1844002859,2282133.0
799862677,2282219.0
1909615313,2282321.0
36077933,2282418.0
1013387113,2282519.0
1542516329,2282622.0
1906432919,2282727.0
2146834367,2282834.0
845301341,2282918.0
733559819,2282997.0
1894853783,2283103.0
216546199,2283169.0
586974803,2283261.0
1549817887,2283370.0
1926091729,2283478.0
1629508981,2283580.0
1668418561,2283703.0
1985951089,2283820.0
1173687727,2283939.0
1703064283,2284087.0
691264219,2284182.0
630379037,2284284.0
270262183,2284377.0
1228918903,2284499.0
480599011,2284593.0
2027219377,2284719.0
1687708751,2284881.0
1295440667,2285023.0
1324477267,2285117.0
1875562487,2285246.0
2146422953,2285400.0
1615315957,2285554.0
1185210827,2285693.0
944041057,2285841.0
753722531,2285970.0
1962606757,2286124.0
1670619107,2286243.0
1336345321,2286476.0
456660793,2286604.0
100868917,2286713.0
1118118193,2286820.0
290880313,2286917.0
731776147,2287021.0
1980690431,2287139.0
2058984623,2287271.0
1238802157,2287405.0
603417757,2287515.0
1838689597,2287642.0
370217521,2287770.0
942412847,2287865.0
66838879,2287969.0
116628937,2288041.0
18097753,2288119.0
481616831,2288218.0
2122846721,2288374.0
322068941,2288492.0
1505957417,2288605.0
1157718239,2288709.0
1123343933,2288811.0
1293944573,2288926.0
1442338109,2289023.0
1632484223,2289155.0
998219797,2289249.0
325839197,2289320.0
920878333,2289483.0
337418351,2289559.0
14915311,2289618.0
2009442151,2289730.0
956289517,2289836.0
1316788427,2289932.0
171832501,2289997.0
1666813949,2290140.0
430029599,2290219.0
294644083,2290299.0
2033622313,2290419.0
986744501,2290525.0
1337669687,2290620.0
367283473,2290689.0
343527407,2290808.0
1536919229,2290940.0
2098763153,2291125.0
1858236521,2291291.0
775407881,2291374.0
1151148721,2291464.0
40440419,2291532.0
1342507597,2291635.0
152613599,2291693.0
962433247,2291992.0
847586423,2292106.0
655148531,2292204.0
548726333,2292289.0
1371909403,2292402.0
863950921,2292486.0
1975581661,2292627.0
1332328931,2292721.0
924305377,2292806.0
869343031,2292887.0
1474951109,2292982.0
1760890771,2293088.0
1979539337,2293192.0
1460244899,2293287.0
1053386599,2293373.0
713368951,2293451.0
660007603,2293531.0
1357747817,2293632.0
236923957,2293716.0
1848914233,2293833.0
1050990107,2293954.0
799997533,2294046.0
570458093,2294150.0
441904381,2294242.0
1172165503,2294343.0
480334787,2294434.0
197070779,2294495.0
1467751247,2294598.0
787458263,2294727.0
1116136447,2294837.0
2049008329,2294963.0
1943833501,2295074.0
200511383,2295186.0
1287610231,2295279.0
319208587,2295345.0
1416625783,2295444.0
230535859,2295511.0
82125139,2295609.0
264365527,2295692.0
589048723,2295769.0
110377199,2295868.0
1257898183,2295960.0
2027291269,2296159.0
171823903,2296242.0
1111158157,2296344.0
1091123441,2296436.0
1710751969,2296572.0
1306026613,2296665.0
281231693,2296738.0
1965807313,2296848.0
1879116157,2296988.0
1435874663,2297090.0
98315467,2297151.0
1106320597,2297260.0
441230899,2297337.0
255863351,2297476.0
775932341,2297577.0
1085424623,2297699.0
640243193,2297810.0
477665417,2297888.0
236689727,2297955.0
1420755547,2298064.0
2011200371,2298186.0
708857711,2298271.0
269556697,2298338.0
1679391407,2298439.0
978173641,2298523.0
467464009,2298593.0
610529827,2298684.0
1931290901,2298842.0
1538341841,2298993.0
1260212477,2299131.0
1594746253,2299236.0
1329631483,2299346.0
1453956073,2299443.0
1977478627,2299548.0
945433513,2299634.0
1392334549,2299732.0
1047501929,2299852.0
1324800151,2299953.0
1166938249,2300043.0
1140952151,2300131.0
312144263,2300196.0
503137207,2300274.0
2075553019,2300379.0
477116357,2300450.0
1811447413,2300561.0
1565165191,2300658.0
1647777557,2300757.0
912520093,2300840.0
1267057829,2300938.0
147327329,2301059.0
1297791191,2301150.0
1327783361,2301245.0
346663511,2301321.0
119232013,2301379.0
801760331,2301458.0
1074172481,2301555.0
1333620391,2301658.0
1359443089,2301759.0
512697839,2301833.0
931342667,2301959.0
1940069317,2302090.0
846417697,2302171.0
867256177,2302253.0
29337281,2302300.0
488024531,2302378.0
1314666191,2302473.0
1405420871,2302612.0
1621203313,2302737.0
194264377,2302820.0
1255858061,2302940.0
174856219,2303021.0
951192629,2303135.0
1617111919,2303257.0
112689671,2303334.0
1285672727,2303449.0
755300999,2303563.0
388567297,2303689.0
805719007,2303798.0
1832880701,2303935.0
1418888477,2304068.0
27251771,2304142.0
990187507,2304247.0
27293141,2304327.0
1550567147,2304449.0
1726254217,2304566.0
1954333471,2304705.0
1298208721,2304808.0
1933838377,2304932.0
1149520103,2305028.0
1247436383,2305125.0
164961877,2305264.0
2132000327,2305384.0
1764775163,2305492.0
44782079,2305566.0
1114244111,2305682.0
1440265093,2305804.0
715847507,2305936.0
1083716099,2306032.0
943541623,2306130.0
678512873,2306208.0
1407406123,2306302.0
1522900567,2306411.0
1324980259,2306592.0
791907913,2306692.0
2049194419,2306827.0
1950207997,2306950.0
1814673227,2307079.0
684948851,2307172.0
14237411,2307222.0
1365856091,2307320.0
667250333,2307431.0
319363361,2307514.0
116097343,2307574.0
1662969719,2307678.0
962537881,2307762.0
304252297,2307841.0
421678273,2307915.0
347338561,2307990.0
921088417,2308078.0
2056615723,2308205.0
579833599,2308280.0
1096091327,2308367.0
620963669,2308452.0
568233079,2308544.0
1782974653,2308655.0
1298303351,2308757.0
1000988591,2308858.0
1992233741,2308964.0
1928600591,2309089.0
1374007237,2309220.0
372583051,2309318.0
1358036083,2309425.0
671767709,2309517.0
1450960711,2309613.0
141863629,2309673.0
238095763,2309735.0
1007109827,2309822.0
865273111,2309936.0
75574253,2309989.0
1780099273,2310144.0
1730810791,2310251.0
1056782171,2310361.0
1540342241,2310533.0
343686373,2310649.0
462973943,2310752.0
1692527587,2310860.0
2121441613,2310967.0
2026387163,2311071.0
2127087533,2311178.0
1511663533,2311274.0
294520381,2311341.0
52164199,2311389.0
83282413,2311448.0
33208411,2311496.0
469505383,2311570.0
474698473,2311649.0
557297849,2311732.0
869545351,2311822.0
1354068013,2311937.0
1065811771,2312029.0
1135951009,2312124.0
1471865203,2312222.0
291207557,2312289.0
1376560903,2312382.0
1250584459,2312472.0
1357950641,2312564.0
116869153,2312620.0
720797087,2312704.0
1751776583,2312808.0
1420031087,2312910.0
1037233,2312961.0
1387040191,2313066.0
5736737,2313110.0
706014623,2313188.0
534640553,2313260.0
119744629,2313314.0
376235957,2313381.0
373063787,2313448.0
97621757,2313504.0
1184857523,2313600.0
1296614519,2313771.0
303250763,2313844.0
584744383,2313933.0
1877751979,2314096.0
873311399,2314199.0
625308007,2314304.0
1811704619,2314436.0
1007114617,2314558.0
1894631449,2314703.0
1992805109,2314862.0
1215970433,2314970.0
111256883,2315050.0
1546153673,2315176.0
1467937673,2315287.0
2042598143,2315476.0
337910723,2315556.0
400102739,2315638.0
313546291,2315732.0
987879251,2315828.0
605796469,2315927.0
780033601,2316017.0
1988065819,2316131.0
1670466727,2316243.0
703519321,2316331.0
1896696523,2316444.0
150519329,2316522.0
731376689,2316622.0
2047249283,2316765.0
575501879,2316867.0
517552339,2316973.0
1180728551,2317072.0
224752999,2317150.0
1813111711,2317262.0
1094659691,2317355.0
992631209,2317450.0
688478177,2317545.0
32925407,2317620.0
2029394677,2317766.0
1496801651,2317889.0
1557589109,2318044.0
374768321,2318167.0
637166711,2318312.0
797262437,2318422.0
1907047991,2318546.0
1356306503,2318655.0
188891113,2318820.0
508978081,2318946.0
957245411,2319178.0
202686931,2319415.0
1336553111,2319537.0
1207360849,2319685.0
658937987,2319784.0
181345403,2319912.0
896918969,2320023.0
1065201847,2320142.0
1175132207,2320304.0
1297668629,2320425.0
1680771167,2320588.0
1206431321,2320713.0
346979813,2320825.0
1607624509,2320960.0
1024266161,2321082.0
1128598411,2321216.0
1868820623,2321349.0
837210937,2321449.0
1026014201,2321551.0
855293053,2321640.0
14372261,2321727.0
46408031,2321791.0
536499163,2321864.0
151273379,2321922.0
1905279793,2322037.0
821885437,2322135.0
220647377,2322222.0
2097741119,2322331.0
380235179,2322400.0
1473757121,2322498.0
820140103,2322587.0
928468067,2322689.0
1943164781,2322794.0
211842217,2322857.0
464516033,2322943.0
676358251,2323021.0
2133716161,2323139.0
97455179,2323199.0
1886021513,2323303.0
955916399,2323438.0
1691731403,2323539.0
1066118021,2323643.0
1509219893,2323754.0
1923812249,2323875.0
670383361,2323982.0
823237861,2324079.0
1089978707,2324170.0
1135544537,2324310.0
792256733,2324400.0
1878887083,2324542.0
448243057,2324616.0
1977212521,2324746.0
1473539807,2324863.0
505589813,2324947.0
6516971,2324994.0
1417976869,2325090.0
1452748981,2325243.0
1120295513,2325337.0
1930680149,2325461.0
200903497,2325532.0
1406988577,2325627.0
69420641,2325684.0
29431949,2325762.0
1642112341,2325867.0
16580087,2325920.0
1393393787,2326022.0
446300873,2326136.0
1531642487,2326263.0
1879019657,2326368.0
703865303,2326450.0
485916091,2326528.0
171562331,2326590.0
554605537,2326678.0
164103349,2326738.0
223068707,2326814.0
4399723,2326940.0
97090027,2327016.0
1160378477,2327115.0
950217617,2327220.0
707610671,2327301.0
404513647,2327407.0
1172930923,2327514.0
742077701,2327632.0
162655483,2327752.0
254958551,2327875.0
1395832063,2327979.0
1784321537,2328099.0
1273303099,2328208.0
847473791,2328307.0
1212166601,2328404.0
156762761,2328467.0
541222147,2328598.0
1432313881,2328711.0
874233137,2328814.0
489157369,2328934.0
683336477,2329078.0
1117466351,2329193.0
1553170517,2329312.0
1264694287,2329486.0
965260393,2329573.0
1336320067,2329689.0
8217023,2329749.0
2038420877,2329927.0
974062087,2330017.0
2109291559,2330130.0
364833467,2330198.0
1378507843,2330309.0
636210833,2330440.0
1891622911,2330569.0
170739353,2330633.0
954400103,2330748.0
426538153,2330820.0
272453759,2330883.0
594762761,2330958.0
279913957,2331021.0
619680679,2331098.0
156537643,2331155.0
1727827349,2331275.0
496546979,2331377.0
26858287,2331422.0
82077629,2331483.0
627816139,2331561.0
2082704621,2331677.0
410532841,2331755.0
395253049,2331836.0
101193067,2331905.0
437769901,2331983.0
1761230873,2332087.0
949463729,2332179.0
1752604411,2332281.0
1483906577,2332407.0
1611101663,2332524.0
2145587651,2332636.0
1852379153,2332743.0
623171161,2332835.0
1814946083,2332947.0
1975268143,2333122.0
504062527,2333202.0
1726210763,2333323.0
1345478573,2333417.0
1293858131,2333508.0
1150677509,2333632.0
958769387,2333729.0
1395320083,2333893.0
512663887,2333983.0
1269287321,2334080.0
190106639,2334149.0
2049284441,2334263.0
1506894029,2334372.0
2066929451,2334522.0
140592247,2334604.0
1906134899,2334734.0
1111375999,2334825.0
2129476961,2334945.0
224217667,2335037.0
931607587,2335147.0
1456449221,2335247.0
1183011659,2335345.0
1649938943,2335444.0
496074209,2335518.0
1681716763,2335617.0
805483963,2335697.0
1355368031,2335792.0
889486973,2335900.0
2051889899,2336100.0
1077158647,2336212.0
1721588497,2336334.0
513957593,2336424.0
849394597,2336519.0
1439324801,2336659.0
1750818011,2336816.0
356590813,2336920.0
1298640389,2337067.0
1693827701,2337214.0
940943851,2337350.0
398492363,2337456.0
1823351729,2337587.0
440622827,2337681.0
1816228789,2337807.0
2057747533,2338029.0
617797693,2338119.0
370801429,2338194.0
104608741,2338270.0
170998661,2338419.0
938968567,2338520.0
1503035539,2338622.0
806295851,2338806.0
1362343987,2338917.0
950218301,2339013.0
925176061,2339100.0
703560199,2339177.0
1636627877,2339276.0
1229658541,2339367.0
492074237,2339439.0
1817787343,2339541.0
896676863,2339626.0
1913588029,2339731.0
1890569333,2339838.0
1161135637,2339927.0
1440272983,2340028.0
1267029139,2340125.0
77754029,2340183.0
318662689,2340254.0
357028631,2340353.0
1156127179,2340442.0
1356719981,2340538.0
32419001,2340585.0
1128432493,2340694.0
210408449,2340762.0
932215367,2340862.0
1907802647,2340972.0
266339657,2341044.0
1636712531,2341153.0
281099761,2341296.0
625882349,2341372.0
527826769,2341444.0
1978376831,2341550.0
336847109,2341655.0
684119731,2341733.0
1906930813,2341834.0
515239369,2341905.0
410034949,2341973.0
2049625967,2342095.0
524509627,2342166.0
98275451,2342220.0
525863033,2342293.0
288367543,2342359.0
676964657,2342434.0
1274932903,2342526.0
1017750403,2342621.0
1410065843,2342731.0
759113119,2342816.0
327753709,2342897.0
507890809,2342970.0
1524128537,2343095.0
814895717,2343176.0
1162851649,2343319.0
1873057,2343366.0
884617693,2343470.0
1086071761,2343617.0
1767280961,2343761.0
1801816903,2343882.0
2070664567,2344005.0
2080773559,2344121.0
1970937559,2344251.0
1659726149,2344389.0
1271470927,2344500.0
1370417491,2344621.0
146662991,2344695.0
1519625269,2344810.0
527720363,2344930.0
2108904209,2345057.0
847755743,2345149.0
1415155733,2345252.0
2050698673,2345360.0
1584278951,2345477.0
1419520261,2345635.0
1831471619,2345782.0
1763787871,2345949.0
1059548593,2346082.0
667558169,2346176.0
549297487,2346305.0
182591179,2346406.0
1972662089,2346551.0
1841583011,2346689.0
1431557761,2346801.0
2071893541,2346931.0
2123996183,2347068.0
199893007,2347156.0
867568469,2347253.0
907317121,2347348.0
1418719031,2347471.0
524036759,2347545.0
852514309,2347658.0
128785417,2347739.0
2016141703,2347882.0
515218829,2347957.0
1288303411,2348049.0
1244832451,2348166.0
907536587,2348252.0
1995337261,2348357.0
449909849,2348429.0
766747301,2348524.0
454741927,2348603.0
525608777,2348721.0
822224759,2348887.0
86550517,2348969.0
1671988309,2349084.0
814303543,2349196.0
1929640751,2349322.0
1338309677,2349422.0
12770837,2349466.0
1018811117,2349599.0
1360921207,2349695.0
1317031913,2349790.0
106857749,2349844.0
472369789,2349914.0
2096634823,2350023.0
1055244643,2350112.0
902674543,2350213.0
237320537,2350276.0
1265989183,2350367.0
302704277,2350431.0
1306333631,2350542.0
127417897,2350612.0
59909287,2350739.0
1221711013,2350839.0
636823541,2350919.0
2081083523,2351029.0
1353709073,2351138.0
781314613,2351218.0
658436921,2351297.0
354859033,2351369.0
5958301,2351414.0
5408393,2351456.0
277952383,2351521.0
1595653559,2351667.0
1510756981,2351763.0
1556956381,2351872.0
1367225611,2351966.0
1422134783,2352063.0
805827151,2352143.0
867451019,2352241.0
1636463267,2352338.0
693507977,2352415.0
199934843,2352487.0
2106299119,2352651.0
580561913,2352749.0
369086351,2352826.0
1973353709,2352940.0
717335249,2353055.0
766138517,2353155.0
61023553,2353214.0
2032786111,2353335.0
37571509,2353390.0
1332345241,2353504.0
938222053,2353630.0
1451175161,2353748.0
1933791593,2353893.0
2141795569,2354027.0
1944501241,2354145.0
653803937,2354238.0
210012823,2354312.0
686030221,2354430.0
429893689,2354517.0
720016519,2354639.0
265838317,2354898.0
1273954441,2355065.0
1011192593,2355211.0
1522917023,2355323.0
863263001,2355439.0
855086509,2355533.0
1240407359,2355658.0
1502905993,2355757.0
463307231,2355835.0
945357797,2355923.0
163009081,2356029.0
2109504017,2356270.0
1153514741,2356385.0
1021227461,2356479.0
27907631,2356529.0
613208153,2356616.0
1474906001,2356721.0
1526499109,2356826.0
492255641,2356899.0
1507374229,2357016.0
971508529,2357146.0
497669213,2357234.0
298762463,2357308.0
1184913127,2357455.0
18074531,2357579.0
954622321,2357690.0
469464491,2357767.0
488293153,2357861.0
1397208041,2357974.0
1434082547,2358121.0
1081934603,2358210.0
254930807,2358283.0
255918739,2358350.0
4653757,2358395.0
808942151,2358500.0
1425558731,2358602.0
2033060389,2358743.0
1494973043,2358852.0
499611271,2358930.0
567772313,2359018.0
774532817,2359177.0
195634519,2359293.0
2049490559,2359401.0
600684389,2359485.0
3986747,2359543.0
1733478127,2359719.0
1178406637,2359808.0
1308617119,2359900.0
1380309481,2360029.0
880144351,2360111.0
1460887837,2360211.0
411718651,2360285.0
1212450541,2360382.0
160426769,2360440.0
252644297,2360513.0
697842433,2360595.0
1830296773,2360708.0
1004966437,2360808.0
152494637,2360866.0
1346742377,2360963.0
48506779,2361017.0
1008668159,2361116.0
1138142539,2361210.0
1471419437,2361323.0
2075535299,2361467.0
1538821859,2361566.0
332258347,2361670.0
1136562527,2361757.0
2094484393,2361875.0
1902034639,2361977.0
1609980679,2362089.0
955427959,2362192.0
1670205473,2362365.0
513059993,2362449.0
1571773543,2362556.0
1338939187,2362649.0
947065961,2362738.0
612350821,2362825.0
2044872259,2362937.0
2099101583,2363047.0
1099729573,2363173.0
1806234569,2363276.0
898281283,2363391.0
1660464073,2363492.0
877529129,2363588.0
2022684749,2363725.0
1353160643,2363853.0
516349247,2363951.0
1073849549,2364044.0
606546583,2364120.0
1351950071,2364214.0
1890721907,2364322.0
855840763,2364426.0
1839364741,2364547.0
1964673091,2364663.0
456745141,2364738.0
296615453,2364803.0
1196070257,2364899.0
63146641,2364957.0
1633661893,2365060.0
1972790747,2365273.0
261120131,2365401.0
170237783,2365461.0
294046691,2365543.0
1430705447,2365646.0
779742959,2365765.0
953928719,2365857.0
814332131,2365952.0
1913768809,2366061.0
1654089739,2366161.0
1548655859,2366260.0
205367611,2366329.0
341041891,2366399.0
1409987387,2366503.0
1069231391,2366613.0
1858928909,2366807.0
1891405889,2366913.0
1288786547,2367006.0
99127993,2367064.0
1740878677,2367240.0
1737280417,2367382.0
315822809,2367463.0
247984351,2367585.0
1710472193,2367689.0
438355667,2367762.0
1072021891,2367850.0
96381463,2367906.0
468041153,2367977.0
2043314447,2368085.0
684144767,2368165.0
192357677,2368251.0
1346096617,2368350.0
1376848901,2368454.0
1250360941,2368658.0
990090853,2368767.0
1487817467,2368886.0
557525789,2368992.0
1584990593,2369095.0
871676483,2369250.0
349999847,2369395.0
1532469847,2369512.0
1317787441,2369640.0
1869721603,2369772.0
791059799,2369936.0
1964582701,2370058.0
496283189,2370167.0
2132008079,2370302.0
423579797,2370432.0
498484559,2370538.0
82334453,2370599.0
2133766049,2370722.0
159811097,2370804.0
370752259,2370874.0
1088721149,2370962.0
196359431,2371079.0
713341547,2371163.0
67319449,2371236.0
1500930971,2371341.0
1352650307,2371440.0
1317883363,2371537.0
400438037,2371608.0
2024448851,2371714.0
47220293,2371766.0
305431909,2371837.0
2104013477,2371945.0
1155113957,2372034.0
2014493737,2372141.0
94081679,2372196.0
843943141,2372280.0
1329370697,2372375.0
363848311,2372474.0
2021946673,2372578.0
219992821,2372644.0
1698887167,2372764.0
1917734729,2372899.0
468347119,2372973.0
211874191,2373037.0
1972051583,2373183.0
617586017,2373263.0
248638477,2373339.0
1855034501,2373456.0
1411778999,2373551.0
1446305723,2373666.0
1589762561,2373785.0
248615737,2373887.0
248676359,2373953.0
1136039057,2374092.0
1546499417,2374187.0
1804938599,2374342.0
1990819603,2374471.0
969564787,2374566.0
1547833897,2374791.0
1323423901,2374928.0
1462247539,2375023.0
40337641,2375072.0
652028753,2375264.0
918415037,2375361.0
1790903057,2375469.0
1532387743,2375576.0
1907673247,2375722.0
381183119,2375806.0
89405413,2375922.0
1468068319,2376055.0
2032686989,2376201.0
1517984087,2376305.0
411897917,2376436.0
967937479,2376528.0
306784109,2376595.0
389593909,2376669.0
347015587,2376749.0
1013171101,2376842.0
715565419,2376929.0
1085925403,2377019.0
106063151,2377088.0
1031156387,2377183.0
83570659,2377250.0
1860035339,2377374.0
1022242951,2377478.0
26059867,2377537.0
1970977937,2377650.0
1923116339,2377772.0
2030199863,2377884.0
1695036019,2378011.0
157732997,2378099.0
395164067,2378189.0
1171710773,2378323.0
1320876001,2378417.0
928583303,2378503.0
341930363,2378607.0
